29 [0, 31, 71]
21 [1]
26 [2, 93]
38 [3, 10, 49, 64, 76]
59 [4, 19]
28 [5, 77]
35 [6, 14]
45 [7, 33, 39]
37 [8, 13, 28, 75]
47 [9]
17 [11, 83]
22 [12, 27]
61 [15]
58 [16, 52, 79]
15 [17]
49 [18, 57, 69, 80, 86]
25 [20, 66]
51 [21, 54, 67]
32 [22, 37, 43, 61, 90]
40 [23, 56]
36 [24, 81, 99]
52 [25, 30, 38, 51, 88]
23 [26, 82]
55 [29, 68]
44 [32, 42, 63]
65 [34, 87]
43 [35, 44]
56 [36, 73, 91]
64 [40, 97]
42 [41, 48, 58, 96]
34 [45, 53, 85]
60 [46]
48 [47]
18 [50, 74, 94]
54 [55, 72]
63 [59, 89]
16 [60, 65, 92, 98]
46 [62, 84, 95]
53 [70]
62 [78]
