112 [0]
61 [1, 84, 95]
193 [2]
35 [3, 39, 75]
51 [4, 67]
178 [5]
67 [6, 65]
120 [7]
144 [8, 56, 89]
161 [9, 53, 86]
93 [10]
179 [11]
163 [12]
110 [13]
177 [14]
154 [15, 78]
25 [16]
105 [17]
33 [18]
147 [19]
65 [20]
17 [21]
165 [22, 55, 90]
140 [23]
72 [24]
82 [25]
189 [26, 93]
199 [27, 51]
153 [28, 82]
129 [29]
60 [30]
36 [31, 63]
89 [32]
46 [33, 70]
107 [34]
175 [35, 83]
78 [36]
28 [37]
145 [38]
176 [40]
194 [41]
115 [42, 48]
150 [43]
146 [44, 76]
192 [45]
94 [46]
75 [47]
111 [49, 85]
168 [50]
190 [52]
62 [54]
171 [57]
135 [58]
91 [59]
132 [60]
88 [61]
10 [62]
109 [64]
180 [66]
160 [68]
49 [69]
121 [71]
66 [72, 80]
69 [73]
164 [74]
22 [77]
181 [79]
197 [81]
12 [87]
26 [88]
167 [91]
74 [92]
187 [94]
24 [96]
103 [97]
152 [98]
42 [99]
